
20240224 u:4.531|9.679|2.136 t:2.550|3.508|1.376
20240225 u:4.531|9.679|2.136 t:2.551|3.509|1.376
20240226 u:4.531|9.679|2.136 t:2.552|3.511|1.376 p:1.092|0.009765625|0.008935546875
20240227 u:4.535|9.687|2.136 t:2.551|3.514|1.377 p:1.734|0.015498046875|0.008935546875
20240228 u:4.535|9.687|2.136 t:2.512|3.516|1.400 p:1.790|0.01599609375|0.008935546875
20240229 u:4.535|9.687|2.136 t:2.502|3.548|1.418 p:1.790|0.01599609375|0.008935546875
20240301 u:4.535|9.687|2.136|3392 t:2.530|3.588|1.418|73060.90 p:3.712|0.03318359375|0.008935546875|5,272.4
20240302 u:4.535|9.687|2.136|3392 t:2.576|3.652|1.418|74068.29 p:4.210|0.03763671875|0.008935546875|6,536.0
20240303 u:4.493|9.687|2.156|3392 t:2.644|3.749|1.418|75097.89 p:5.744|0.051357421875|0.0089453125|7,880.6
20240304 u:4.493|9.687|2.156|3392 t:2.681|3.801|1.418|76160.23 p:6.569|0.05873046875|0.0089453125|9,144.9
20240305 u:4.493|9.687|2.156|3392 t:2.710|3.843|1.418|77164.15 p:6.832|0.061083984375|0.0089453125|10,413.0
20240306 u:4.493|9.687|2.156|3392 t:2.756|3.908|1.418|78200.53 p:8.346|0.0746484375|0.0089453125|11,762.7
20240307 u:4.493|9.687|2.156|3392 t:2.794|3.961|1.418|79254.07 p:8.854|0.07919921875|0.0089453125|13,138.9
20240308 u:4.438|9.687|2.183|3392 t:2.823|4.002|1.418|80308.34 p:2.166|0.079560546875|0.036728515625|14,559.5
20240309 u:4.438|9.688|2.183|3392 t:2.833|4.017|1.418|81073.15 p:1.507|0.079677734375|0.05287109375|15,790.2
20240310 u:4.438|9.688|2.183|3393 t:2.838|4.024|1.418|82075.83 p:1.510|0.079853515625|0.05287109375|17,394.6
20240311 u:4.438|9.688|2.183|3393 t:2.834|4.026|1.421|83057.02 p:1.621|0.085703125|0.05287109375|19,020.2
